]633;E;for i in {1..150};0b518729-7982-4658-986e-b63cf0098799]633;C232
894
874
411
246
2
644
331
518
499
387
752
932
300
842
758
894
607
148
137
445
155
51
508
591
779
457
925
444
531
35
419
453
120
289
806
15
416
558
260
74
236
785
184
331
895
253
707
670
221
794
418
778
730
51
298
674
427
996
77
948
626
852
637
61
546
832
762
33
605
138
640
681
666
444
859
990
382
949
63
968
782
300
115
379
147
647
287
719
247
739
475
446
525
446
202
907
20
301
106
103
180
943
616
309
79
961
371
550
337
125
391
395
305
622
669
332
132
944
608
912
807
945
735
433
936
218
955
981
558
232
799
749
88
754
572
660
478
492
657
907
402
145
622
679
506
49
923
348
882